1.012015975192482653e+00
2.463035774505669406e-01
-9.404587350016491154e-02
-1.148751200357299024e-01
-1.875764933672978918e+00
-8.235982747762431444e-01
1.589317817613700390e+00
-4.892900309705450757e-01
1.738035133833163881e+00
-1.096094040043619433e+00
1.530031774803065847e+00
-7.668728554120063379e-01
-1.504298734937217663e+00
5.416924296679139772e-01
-1.035375882925766877e+00
-3.099353163754141050e-01
-3.850590554314247127e-01
9.491861406875699014e-01
2.844956995673016964e-01
-1.884899560887108194e+00
