4.924176600206694454e-01
-5.022820489053959614e-01
1.579361315262296228e-01
3.452695043072222525e-01
-8.543750990505004639e-01
-1.600696288243736443e-01
6.702426294746017810e-01
-2.018607508609356616e-01
-3.616049469986648002e-01
-1.097114197808858327e+00
3.732433143592936986e-01
7.302520808605591496e-01
1.594499438850230100e-01
-6.492778213712000479e-01
9.407422850321658370e-01
8.517430358842086324e-01
5.947726233188163070e-01
5.075683291456385415e-01
1.176285891535175265e+00
-1.604703534943197729e+00
1.063622708340806966e+00
1.474018057792381153e-01
9.389512210205442910e-01
-1.113844611457530887e+00
2.783147133291535291e-01
8.260977185486343410e-01
4.755874489906962155e-01
1.096651666687983750e+00
-2.820454560272446787e-01
-4.902286195662305945e-01
5.985940669271455628e-01
1.315209851933974772e+00
-1.770515489741608439e+00
6.124630998939575299e-01
-4.795318999447596431e-01
1.105380113947480814e+00
1.725674166374066232e+00
-2.315462140852096382e-02
2.828609081035161843e+00
-1.205353339078779618e+00
5.883987232214927809e-01
4.267087437369225800e-01
-5.618554635356035609e-01
8.665020859293722788e-01
1.036926555053485854e+00
6.592460851505053954e-02
-1.608972070645337205e+00
4.286831154461159255e-01
7.913292626990878764e-01
4.560265200535654762e-01
1.339804821183078753e-01
-1.664261569510567529e-01
-1.072798643728523071e+00
-1.444223082727342344e+00
-1.466929909022959944e+00
-3.876275659598903967e-01
1.960130115669752315e-01
-1.249552998013434557e+00
-2.903395693929133881e-01
2.138210758657589583e+00
9.615397693862411943e-01
1.105120290615216661e+00
-1.533034684838294526e+00
-8.947556065346387033e-01
-3.215305049966316747e-02
-9.534979900634242556e-02
-6.032698458943742681e-01
9.473991018884443394e-01
-1.114584112167785052e-01
-7.290645177846669656e-01
-4.100364383002074176e-01
-1.616652750751252698e+00
5.528435578703460029e-01
-1.240175775712946349e+00
-1.448710009356759310e+00
-1.433723555384274206e+00
-1.880596184117839353e+00
-2.138335625774105075e+00
6.373292518016580033e-01
1.023458121275586219e+00
-2.179897987577881668e+00
-1.593942277566201993e+00
-1.585000526292255074e-01
1.534980624750084954e-01
6.074166548852723974e-02
-1.085228467658289730e+00
1.012535264469042601e-01
3.791899696212747695e-01
-3.190718234317568847e-01
-6.180760213398437397e-01
2.988437932560205068e-01
1.305279556962771537e+00
6.318424178407185954e-01
-5.140229262225426421e-01
-4.097934199917380171e-01
5.550632178893308982e-02
-8.607866996804860449e-01
6.606567820039126460e-01
-5.745284768652005047e-02
-8.201913707995646119e-01
2.488705467089778189e-01
8.617896336414442304e-01
1.255202796846358604e-01
1.191748092620621424e+00
-3.127896031346875105e+00
1.021809884656887046e+00
-2.835435102468820620e-02
-1.188149860856753781e+00
1.406481929026269562e+00
-1.538628530994222421e-01
7.154858269009191085e-01
1.316181739064957279e+00
-2.006050593422382899e+00
6.134992912029719747e-01
-2.905680914125525205e-01
9.295923154048933990e-01
9.665479184771642585e-01
-1.161663521761567841e+00
8.458497160218724220e-01
1.286104796546710727e+00
1.550074392005997170e+00
7.784879807647773209e-01
3.758765623174180615e-01
-1.784130823702257951e-01
9.652825101109858696e-01
2.052558431925060933e+00
-5.771092730312310515e-01
-1.778628919318201163e-01
-7.731330307623268672e-01
-1.176761913960293060e-01
3.042579666723444487e-01
9.733423960220783933e-01
1.462829672253596891e-01
-4.167073108914765567e-01
4.400908346705047491e-01
-1.402918375785759064e+00
2.177855012267482238e+00
-9.744144228415656528e-01
-9.301475015506026622e-01
8.393934279324550829e-01
8.672688179821713694e-01
-1.301324923383284871e+00
8.063951940502427362e-01
1.067139329236574286e+00
4.964217948154494020e-01
-2.228050452832222583e-01
7.148599728376853202e-01
6.892427416680658725e-01
1.292196026920144680e+00
-5.841504863687664306e-01
2.705000431428939756e+00
7.256637414597462143e-01
5.699337795814251040e-01
2.777546574813075098e-01
1.289908726631339819e+00
-3.115332171873167605e-02
-1.596281916761372210e+00
-9.866262912561264420e-01
-1.568086694601914743e+00
-2.201643136001385059e+00
-9.229819112927255265e-02
-6.226442735480843815e-01
-4.120068860864650184e-01
-1.190130176750426733e-01
-1.302134635100401505e+00
-2.647642345787714291e+00
1.145905363699933899e+00
-7.919380788932764773e-03
6.684087961051861093e-01
1.004024508856051975e-02
1.191051844945576060e-01
-1.510013384059472275e+00
-1.176598918205240096e+00
5.355780991739289565e-01
-2.322576805741174422e-01
-1.134381012290317070e+00
6.618172797008332608e-01
3.301239619975849804e-01
9.324085074247430438e-02
8.001747349662522435e-01
-9.919564828538635082e-01
-1.149756674622826047e+00
4.759882294568697492e-01
1.723358759418633923e-01
1.948035221671099715e-01
1.182558863640566393e+00
-1.286565043793685081e+00
1.453647823080590928e+00
-1.687123367306705202e+00
3.474350425052445401e-01
4.171549374553135681e-01
1.573568545630107396e+00
1.320969998568584547e+00
-1.307530284672658860e+00
-1.331704914586716804e+00
1.364744743507289693e+00
-6.910930309769376390e-01
4.788917408309635859e-01
-4.979023316457251158e-01
3.645460385707788992e-02
-8.547803927205281649e-02
-3.711237305405392095e-01
-1.299470111219512836e+00
1.095817993686708292e+00
6.239927833015679326e-01
1.328447299085785849e+00
-7.181049635567618994e-01
5.555306933638097522e-02
4.463219200056485203e-01
-7.576280716710711571e-01
6.706117874536517143e-02
4.902317560650791273e-01
1.027880248768693772e+00
4.175035442724959189e+00
4.327261678330181494e-01
-1.257039302367535250e+00
-6.836161351378954310e-01
-1.440915862992521390e+00
-1.400022681429697435e+00
3.167766385297569598e-01
-1.122427513841609326e+00
-7.197397353803884901e-01
-7.233633982447386368e-02
-1.142792128112874561e+00
5.344076389662241050e-02
8.402416218996848485e-02
2.891800421212708527e-01
-1.477396784991314549e+00
2.875385707901986887e+00
-3.587459480156337532e-01
-6.017738141739654711e-01
-1.263448399611238226e+00
8.977714468704230955e-01
-8.441502659385500262e-01
-1.274077044700604233e+00
-1.267876076585373823e+00
7.862974979593563285e-01
1.520124151900788423e+00
-7.954913271658480278e-01
2.044913691481873741e+00
-2.080062835692961354e+00
8.190285182615049120e-01
-8.332817572065119582e-02
2.159414270287111748e+00
-3.550904465629601270e-01
9.901482284919215227e-01
-1.063651484018200977e-01
-4.608211487074735935e-01
7.538412916024196664e-02
-1.496651684184318265e+00
-1.246521829781964963e-01
-2.242992418063554538e+00
1.554517256212381571e-01
1.301870704985083727e+00
-1.138226896401957733e+00
2.200836374745088753e-01
-4.670564768594765992e-01
-1.083412612477570258e+00
1.286502701934303827e+00
1.021362028129307209e+00
3.111316610539319738e-01
4.711686651689464544e-01
-1.983825398116468575e-01
1.988225267401113605e+00
5.169988344161567939e-01
6.661678409468223538e-01
-7.912750293265613521e-01
1.910429921244347629e+00
1.956506565117468011e+00
-1.238633433341088219e+00
-1.209219494631141423e+00
-7.264576575288919091e-01
-1.195853086993548642e+00
1.752387293882848029e-01
-1.593947192835153473e-02
-9.492472103098696934e-01
-1.807118325392518710e+00
1.280881758662564707e+00
6.351477378440730792e-01
2.115344016610479216e-02
1.626840760425218635e+00
1.792436945950469207e+00
1.816843808440522956e+00
6.091063385014403031e-02
-1.568141483300274697e+00
8.272758538534820127e-01
2.858039820115562679e-01
1.985858071153354942e-01
-1.331618841421024158e+00
4.967570650184963132e-01
4.479592708890994257e-01
1.067059112690030981e-01
6.852075947502322961e-01
-7.444123106300047921e-01
-1.244463389900566340e-02
-2.039775916247953624e+00
7.683818364221339792e-01
-3.080369212162180403e+00
1.211294971664386377e+00
1.814198057163653344e+00
-1.917071643557021476e-01
-2.039665568149785085e-02
-1.160374943283712490e+00
2.078270635697407054e-01
-1.529994537595127824e+00
6.273411163339845942e-01
5.138400349476912599e-01
1.401526419619939956e+00
-7.376433837501392698e-01
-2.168514071087530304e-01
-5.636274609759803766e-01
6.712996389655019325e-01
1.224025142215738216e+00
2.246056549260758844e-02
1.313776417034720811e+00
1.638613588264894894e+00
3.754865071084615979e-01
-1.515289128316986922e+00
-9.739945620369978574e-01
-6.139856093860396324e-01
-3.520854265429556040e-01
4.918519592956724917e-01
-5.710421256968614134e-01
-4.073810540647107570e-01
9.975557569401306557e-01
-2.822976489542519674e-01
2.938945946645721286e-01
2.077556900428860209e-01
2.491215413725589300e+00
-8.932105089634007067e-01
-8.166691588657947198e-01
-1.050465472230439623e+00
-1.503385496522310794e+00
-7.308883820931443287e-01
-1.082241046215541846e+00
-1.570344604765933350e-01
1.116742866792010958e+00
-2.930770670163382330e-01
3.613526237007840675e-02
1.583456305865479086e-01
-8.055881168680492088e-01
4.805815231673430388e-01
-2.802924388871536054e-01
2.866986944373368096e-01
-1.017271927686213828e-01
7.040041250664106354e-01
-6.475363139785048627e-01
-7.240652220404489858e-01
3.306504858206155695e-01
3.004193179749706233e-01
4.652242028739475010e-01
1.394020452391058207e+00
6.402935803861597996e-01
-4.672221001619237812e-01
2.997201044090264777e+00
-1.880205242494532025e-01
2.371599810839345179e-01
-1.502547146985884874e+00
1.479591303263648072e+00
1.745473449356042261e-01
-1.064844178712836209e+00
-6.484227110010182260e-01
-5.765620977204313768e-02
-4.623322797992110988e-01
-7.919294514790309325e-01
-1.134028212909940159e+00
4.393173570896907743e-01
-9.361061536768787716e-01
1.016964141499430374e+00
-3.298657530937800231e-01
-2.011604457548632929e+00
5.555961141237582002e-01
-7.472701289104973776e-01
-4.753233207368706692e-01
6.085733719477492282e-02
-1.117711092525242256e+00
-7.529968481238594746e-01
4.625735689198163803e-01
4.132622408618222831e-01
7.343114451403771614e-01
-2.625402647626062791e-01
-5.108510141233097990e-01
-5.966552165156142618e-01
1.927023266306125138e-01
1.624973150756087392e+00
-1.206351242929582304e-02
-2.632029627579819953e-01
-6.760011959032746764e-02
-1.798294700516920308e+00
-4.834585288576020434e-01
4.669598046596402652e-01
-2.628946987505096922e-01
-5.351347038762509500e-01
1.507289854552677610e+00
7.978638869848742043e-01
1.613323389973673749e-01
-9.955533171608255127e-01
1.113819691418147295e+00
7.271215354638369543e-01
-6.891349719908185234e-01
-9.135004663515822187e-01
5.569586611519106167e-01
4.428801757372009124e-02
-1.351456931295210717e+00
-3.398575317558623632e-01
9.999874987411319083e-01
1.170314322325763268e+00
1.100083355126765694e+00
-8.895623445716048794e-01
4.355309418039428060e-01
-1.190862106780689045e+00
-1.309619491640103273e-01
-7.812020386147843221e-01
1.956210557680983231e-01
1.175926120372837724e+00
-1.944590812682759573e+00
9.655214635775626331e-01
-1.297192480360057076e-01
-3.941111084989103452e-01
1.537472316374863146e+00
-2.103559457877298700e-01
-1.207567540877482859e+00
4.231602237503636066e-01
5.129025847839234764e-01
5.207262198801965170e-01
2.893850944683688198e+00
1.413795220333409430e+00
-1.114687784160557360e+00
-1.183553774843404405e+00
1.805246554279322568e+00
1.787823859293452208e-02
1.282637221221269996e+00
-4.500227135449068050e-01
1.324891495033533179e-02
-7.512978610312415206e-01
-6.748361563632606641e-01
-9.088760056473155213e-01
4.344165180781566771e-01
-2.632397078606289464e-01
-3.372370575778059210e-01
-5.557734844168283894e-01
4.174409441239845808e-01
1.355165905722198305e+00
-3.437240837108160307e-01
-1.597531460292478667e-01
3.794171642421043655e-01
-2.349683052759539592e+00
-4.720592724007338647e-01
-6.829610003589482448e-01
-9.644817704451482676e-01
-8.749780249163393586e-01
-4.382490379229619926e-01
-2.188186259695977243e-01
-1.013588525441263100e+00
5.586449102046606684e-03
2.436813406205085575e-01
-3.011875670580456132e-01
-7.923382046085771790e-01
-9.626583942111447412e-01
1.093917860581888224e+00
-1.299352925577289986e+00
-1.187765723959286257e+00
8.850295833265118262e-01
-2.333339015918423076e+00
7.040293801915404881e-01
4.852432167689204601e-01
-2.150683606764082434e+00
-7.681799406224807392e-01
5.570901816416961028e-01
-4.397256959732012693e-01
9.157983774183438008e-01
2.229931941933390449e-01
-3.235803545516644508e-01
5.967544250823046958e-01
1.569650504009229897e+00
-5.764670749127381866e-01
-1.549920013583555578e-01
-4.900953034068783465e-01
4.693402796926469112e-01
-1.623870062725165431e+00
1.196871593302591963e+00
4.985734017457302270e-01
1.396856564786357113e+00
1.498460699245554695e+00
-4.285805259318211657e-01
-1.805458136599351171e+00
-1.842063435988474884e+00
3.086341788385226215e-01
-3.314343358603349388e-01
-5.626511591051377437e-01
4.309504504699902538e-01
-1.279852746874801106e-01
-1.722820963433994823e+00
-2.638644358996471984e-01
-1.402945978043738662e-01
-7.351555231829175474e-01
7.100357626203873673e-02
4.469195510551401407e-01
-1.940626108493931579e+00
-4.289032265038408287e-01
-1.691280150184188980e-01
9.076776347572864667e-01
9.772485697868520393e-01
2.213306703207352122e+00
2.477779947613215159e-03
-1.025527101805241204e+00
1.797382422311277206e-01
-6.233770839203632841e-01
2.576482338949687145e-01
2.644006312254587598e+00
1.220204602084419276e+00
-1.151582414269846089e+00
1.174370733891941521e-01
-4.283437007296853616e-01
-1.344192529934803870e+00
8.612724491935283000e-01
2.884185643861800763e-01
1.414219738043387964e-01
1.369143090247302741e+00
1.344879841920192609e+00
-3.284933439647104714e-01
3.549948182359290438e-01
3.275605256267689197e-02
3.642903526410161685e-01
-4.518887284966958129e-01
-2.499068022963189528e-01
-1.757396535015937900e-01
-9.647423304117455078e-01
-1.417526287811156971e+00
-1.745282277617646871e+00
2.461749544293462488e+00
-1.103763554653448775e+00
3.935050114154153289e-01
1.029589962750510290e+00
-5.616009269552607597e-01
-1.820233536708996958e-01
-1.243644967481379870e+00
-4.225742537698237156e-01
2.337308770360981280e-01
-2.584672896866969105e-01
1.279259982334003398e-01
-7.828644151412619268e-01
2.366568652297629249e+00
2.058171256741239408e-01
-3.844343418926845501e-01
-1.815219752929751351e+00
-1.602367998889579592e+00
-6.407856789144674714e-01
9.088132692895775078e-01
6.643839585893209776e-01
8.498487415505805442e-01
1.242036351082373563e-01
-1.327584341989544114e+00
-4.946035765046207788e-01
1.027261271472792670e+00
5.715495007837508856e-01
-5.930992596993779342e-01
8.651472641071655811e-01
1.704936679859048398e+00
1.767242141710194392e-01
-7.468798161844916184e-01
-1.970435906679760818e-01
8.302044637629161228e-01
1.163932245250659525e+00
5.009663094375016446e-01
-7.562071608090693564e-01
-9.181636936570986007e-01
1.642743393436974786e-01
-4.009423317559774325e-01
3.529440816925436541e-01
4.853549500219340174e-01
-8.846671824347718260e-01
2.546329351202133995e-01
2.784814858034511675e-01
2.082866398172887046e-01
3.378887784031257002e-01
8.453119066265177839e-01
-1.652344791494783638e-01
-5.898856835622788841e-01
8.579494659299975734e-02
-1.135773790049440679e+00
1.175989523490878819e+00
2.764735378242870190e-01
7.942775370025412229e-01
-5.668261878550031607e-01
9.618325750696100906e-02
1.488570251892371576e+00
2.163948907920629772e-01
1.229139327102732437e+00
-1.045622338874948737e-01
9.536344328593777675e-01
-8.703796437171882339e-01
-2.317282682746264033e+00
-1.429320962560393093e+00
-2.819988365169239647e-02
8.950358637939072048e-01
4.925250145950478275e-01
-1.205293009132547555e+00
-1.182562183496519287e-01
7.897879954673280301e-01
1.125405463209040668e+00
8.967783810068694073e-02
-1.087365325333981225e+00
-1.282378688399728572e+00
4.492466809898077451e-01
4.746247459041987027e-02
-1.104452020511956567e+00
-6.936541168338571373e-01
8.000101937968542298e-01
-1.819188906269501249e+00
2.768481269193442396e-01
2.300655796107695661e+00
1.747390780001858657e+00
1.600120746983441533e+00
7.913655095892039304e-01
-8.752202634969744599e-01
-5.243652322519704034e-01
-7.819142193019231746e-01
5.906518914888461147e-01
-1.371903515077260494e+00
-1.619873020463347801e+00
4.158122638663496740e-01
1.828853191169178549e+00
1.226025992713321688e+00
-1.097291379098868092e+00
1.633143969175471222e+00
4.674804708931206143e-01
-7.930286881703252355e-01
-3.401409301295681142e-02
-1.956593640561521130e-01
-1.733752404016553506e+00
-2.591735143338663727e-01
1.287024636096822494e+00
1.120200555396886788e+00
8.541915245456674910e-01
-7.745264591371598950e-01
1.969861210364773907e-01
1.288857492096237678e+00
-1.406522847976438451e+00
-1.097737755525916015e+00
1.306374016987852160e+00
-7.084106019161983125e-01
-3.539140257383383004e-01
-6.588514779463835458e-01
3.886243584270215323e-01
-2.046318294023254492e+00
-1.374167692496750748e+00
-1.950983076376690883e+00
-6.739492828867800212e-01
5.482501957238916646e-01
4.965037856300602015e-01
-6.189097644319889735e-01
5.592726787335305927e-01
-5.136115013096027582e-01
7.110898278838468922e-01
-1.048278295050950160e+00
1.018706171869234289e+00
9.274926225902898613e-01
9.720756113605898419e-01
-1.498465731432057746e+00
-7.045806480632264002e-01
-4.764265638374436396e-01
1.852082505955015668e+00
-4.952627480336372345e-01
-1.279771180463223246e+00
-7.353324385760312554e-01
-2.268512107919407050e-01
3.856637090009014668e-01
-4.573768547188097333e-01
5.021249658237149083e-01
-6.262886741923467948e-01
1.230731859046975796e+00
3.592950082094293340e-01
-9.291690226482861581e-01
-1.067394275515165747e+00
-2.754759009570717510e-01
-4.233027550879878698e-01
9.281540217344798060e-01
2.458010146322008982e+00
4.825091293166949291e-01
-9.941857078659354086e-01
1.086325869181996862e-01
1.004795138989420966e+00
-1.164530924155211949e-01
-2.834951826999783098e+00
1.710814173188410781e+00
8.647959984126439847e-01
-3.159015455355312918e-02
6.267873948262343564e-01
-8.956704023687642735e-01
6.423748353791454424e-03
2.133652796967973941e+00
2.915216432712621764e-01
-8.681933811831035186e-01
-9.049957565914944491e-01
-9.804917119588297814e-01
2.018411032740151378e-01
-8.676365909133513243e-01
2.231831638002859108e+00
1.125119454781891987e-01
1.737381425693728554e+00
-1.904050281876874529e-01
-1.446991997695602938e+00
-1.637682134836132120e+00
1.150006932504173518e+00
-4.321238033376822996e-01
9.570136551608969810e-01
-1.702191881432496778e+00
-1.087668604580704024e+00
-1.992521040551615608e+00
-8.025825075156892141e-02
4.709661524751427297e-01
1.597012760045392499e+00
2.105397091692520761e-02
1.276447959234298102e+00
6.538597416790212780e-01
-4.843179932304731983e-01
-1.725103179148416599e+00
-6.689895414857947031e-01
-1.071574814821775412e+00
-6.552313729435961243e-01
-2.515356833431319217e+00
-1.474152122391907849e+00
6.066112712852766986e-01
-1.335147669905113244e+00
6.535295395143636554e-01
-9.896972740944331992e-01
-6.075260800172930242e-01
1.056995194456934017e+00
1.455066381261967745e+00
6.234588629056494469e-01
-8.408905483323876606e-02
5.298553223842079607e-01
-7.189343784709456564e-01
-2.443239352125484487e+00
-4.769164908509914702e-01
2.154747821473179392e-01
3.534195066819899589e-01
-9.125153632723387309e-01
4.534593864685449449e-01
9.469129776704312551e-01
-2.383986855932056503e+00
-1.019883675743687768e+00
4.076731808741666518e-01
1.541743366224962442e-02
-2.041295799309097159e-01
2.146787715630147642e-01
7.789593835336816596e-01
1.696863615807249204e-01
1.596133680936550614e-01
-1.302145772057407003e+00
1.229834602643402330e-01
-5.758172039200384340e-01
2.089926280751796539e-01
-3.250036219584044872e+00
6.822702617918764423e-01
1.245536662551862017e+00
5.209553613457228449e-01
-1.887077508897648803e+00
-7.058690791377722484e-02
-1.952107210384437685e+00
-1.007853573695486130e-02
1.145534467546394763e+00
-1.284964146497837856e+00
1.250322471158385573e+00
2.015766998407609312e-01
2.698755737402077082e-01
2.435982928404137660e+00
-1.003758022910331116e+00
1.331471475205958876e+00
-2.145223557609600817e+00
7.397923284356853202e-01
-8.952599515629137139e-01
8.430267911961178973e-01
-2.338778576227420747e-01
2.892974685026330484e-01
-5.306511172050469571e-02
4.310375681179197116e-01
4.342769973581329240e-02
-4.826507338555898197e-01
-1.677303984621017374e+00
-2.492958493841738732e-01
-5.840683648653604010e-01
-8.083749789261925889e-01
4.421125720881657895e-01
-3.838921718851869280e-01
3.782009661057589289e-01
-6.381026723348162122e-01
-4.227106835579877986e-01
-4.934007125007380812e-01
-1.083006877213470220e+00
-1.721928749543132797e+00
-8.472558303713766392e-01
-9.007300748796225054e-02
7.050621275526197662e-01
3.495749953474172056e-01
-2.476595859955731393e-01
-3.756145341143485306e-02
6.021946488043533607e-01
-3.302538539198031642e-01
-1.096240779112228836e+00
7.249972825648749453e-01
1.558270333278192199e+00
1.745196185795083954e+00
-1.192886046621256801e-01
5.583495272836195289e-01
8.125108514271406346e-01
-3.202135062821214184e-01
2.692107135892747749e+00
-4.015574796383336587e-01
2.008713317184612546e+00
-2.555667282635541437e-01
-1.561583552791562468e+00
-3.426883860668893944e-01
-1.466769895458816253e-01
6.821123306071448233e-01
3.933773266721646289e-01
-4.194795281426318967e-01
1.852456348392152563e+00
9.665059457405243970e-01
6.714546566919795678e-01
4.384252481583981731e-01
5.429671256929183842e-01
4.912394903361950171e-01
1.724670993976628264e+00
-4.359053598190840706e-01
-1.458481662295119330e+00
1.677507057987035477e-01
-5.033099962010700867e-01
1.442417194335283037e+00
-4.501578930357692104e-02
2.593817966144522202e+00
-6.273878840996284234e-01
5.566105509706116283e-01
-2.729558176835975569e-01
2.580946054956293700e+00
3.689236155472635560e-04
1.768243739132754344e+00
-1.333872430562628386e+00
6.360903228146779220e-01
-1.782933169106316329e-01
-7.448186489290591350e-01
1.082716178382335581e+00
-7.174509297509340522e-02
-3.546037970158663621e-01
-2.883783593738469264e-01
-1.667457861203640146e+00
1.873047219557728571e+00
-7.714172528343560264e-01
-7.711721118877140624e-01
-3.960724544373198652e-01
1.294052980211023662e+00
-1.751297305954361283e-01
4.607678966205087101e-01
2.256267467757428202e-01
8.764215758229255693e-01
5.696111445073834961e-02
-7.697094402231989818e-01
1.573043948659156754e+00
-1.160661738110305263e+00
8.861376743600841710e-01
-3.021707593023645680e-02
-1.920562646656089667e+00
6.491281015988163983e-01
9.413542668002009561e-01
-1.913859977549599578e-01
-7.568510266765717809e-01
-1.106072540856717801e+00
6.036857552435730412e-01
-1.051168871103336094e-01
-3.669376452839502867e-01
-3.243577457432544331e-01
-9.303791176324518464e-01
1.117500689022501659e+00
-9.564709995890617877e-01
1.514112051327684560e-01
3.156192703020428703e-02
-1.596468097500973515e+00
-2.345751795742978540e-01
-2.953108827791358637e-01
-1.052022146811537828e+00
-1.238168265145364322e-01
-6.565337595631300927e-01
1.348937600177050111e+00
-1.325490686508187022e+00
5.903846393267578874e-01
-4.035057571495961892e-01
-9.682054872530566625e-01
3.809371650695130840e-01
-3.623220301809766952e-01
-1.135751659508168698e+00
2.720165135304314363e-01
-9.130843999883067053e-01
-1.096116174844012914e+00
-1.285403911518372855e+00
-1.107619150000415109e+00
5.767506272256153199e-01
-4.490223902537528455e-01
-1.513958787556153596e-01
1.155633383120952651e+00
3.899233960542506372e-01
1.105221007875946793e+00
8.288174680603198619e-01
-1.028010307365910120e-01
2.469859361301790790e-01
7.326276159587531422e-01
6.445288354170713996e-01
-8.235394888502819422e-01
2.286939271795457973e+00
-1.084489081386764475e+00
-1.008747006329419271e+00
5.331390430080302778e-01
-1.906085853598733726e+00
-2.135237862291763378e-01
9.050444685597492933e-01
-1.108093498146267425e-01
1.174091088745865763e+00
-1.578393609967507216e-01
2.889110066812925037e+00
2.536395080092177512e-01
9.383644963089042834e-01
-1.346075774041586293e+00
-3.981989786301597944e-01
1.700871511573939232e+00
-1.460300913422011848e-01
1.406672247411003163e+00
9.814498522675837444e-01
-1.951695986127693905e-02
1.060194846597866336e+00
5.150315321368007515e-01
-1.472624161012158872e+00
-8.102144986874820765e-01
-3.916335844485132472e-02
4.621343392445561027e-01
-2.582387418182498923e-02
3.740936341067049864e-01
3.420630346208595740e-01
8.634182350985936116e-02
-3.406826657549059667e-01
9.341127046401274114e-01
-5.226836330339562631e-01
3.924015700771127380e-02
-2.761362904629366399e-01
1.784826803299436326e+00
6.326177689987652064e-01
-3.458585491956199243e-01
7.910199436581238919e-01
6.746874911700507793e-01
1.764136903175992810e+00
1.448360688271577157e-01
-2.304082002754533898e-01
1.191108802193690530e-01
3.306265640474633227e-01
4.359812340615197845e-01
-3.069279112044656643e-01
-2.529479782540662303e-01
-3.119261383439611568e-01
1.487003635512526456e+00
-4.805248822976487810e-01
1.214295884252043045e+00
1.001074994685626995e+00
1.319514075433855238e-01
-6.339432834337387357e-01
2.585272493746079703e-01
8.182687386413352026e-01
-4.705816191536728033e-01
-8.241974199395472045e-01
-2.781912838591448778e-01
6.601389276829027208e-01
-1.025852574228645731e+00
-5.810231269562504686e-01
2.358548199459304939e-01
-1.121460036928417225e-01
9.342649962086575499e-01
1.779470781378112987e+00
-1.199511648591560009e+00
6.202820652351007658e-01
-6.672719903745724102e-01
6.297731262344193892e-01
-1.601018690335340056e+00
-9.561477362981823935e-01
-1.479870242622007837e-01
-7.766059374094607115e-01
-2.232677188483299435e+00
1.446641496981518005e+00
9.517421909817290748e-01
5.480510092039277831e-02
9.466393688336013357e-01
-3.501441009842020669e-01
1.001823056661366174e+00
1.948463186596757768e-01
7.810388828674208472e-01
-6.812217232343824591e-01
4.901131137803318438e-01
9.150676454205650678e-01
7.353524267032055528e-01
-9.559495925402966554e-01
-9.705951026665602388e-01
-1.072986837868696863e+00
1.266963215512995955e+00
-1.688243807596373269e+00
6.308608191767965945e-01
1.611083037267968088e+00
-1.384160284572333977e+00
1.028681169822136310e+00
3.503442456058056265e-01
-6.148145457769192967e-01
-7.239708614637956341e-01
6.972016112809836796e-02
1.488758701594191880e+00
5.925502186734232790e-01
4.045722763159208257e-02
-1.111725214618085822e+00
-5.653336641401693896e-01
-1.766596337479348966e+00
-1.338709420557618879e+00
-1.976518861027535545e-01
-7.311729485397198969e-02
-2.987850124694443887e-01
1.335824183193690118e+00
2.544772262650244476e-01
4.737342504448850966e-01
-2.979471401355727744e-01
5.130158683217765914e-01
-1.428686403408964578e+00
-1.602074957011214273e+00
4.075895041404669072e-01
3.725792397991318228e-01
3.271845123253379617e-01
-1.201296972402456253e+00
-8.812955585593938990e-01
-5.618799328069717935e-01
7.771442012784552933e-01
-9.704745338841658242e-01
-1.222874447750187166e+00
-1.014726195664532593e+00
-7.275957842314379267e-03
1.640408616972768574e-01
1.772102853605556257e-03
1.723472613448362167e-01
-6.465139002955651304e-02
1.614447338387209330e+00
-3.481325182554256825e-01
2.021198953967790479e-01
2.477885788243115783e+00
-1.153598184730444842e+00
-6.727481542684158322e-01
-2.391373668374127126e-01
-3.694491363428465402e-01
-2.697296168324775367e-01
-1.122145246058362966e+00
4.409180736751280860e-01
1.815865051289105248e+00
1.581945762131740096e-01
1.808319218532987716e-01
2.427703426407649134e-01
2.076211212853480870e+00
4.005834643739298873e-01
1.344022551688402345e+00
3.839666985548738087e-01
-1.106725608898832425e+00
3.757692638447295286e-01
-1.738251816584971632e+00
1.612816212265971938e+00
-1.588581765159617021e+00
-3.544416535664628998e-01
-2.374855826053507091e+00
8.379350136317497144e-01
2.635349993984793526e-01
1.437414449115051118e+00
-1.396417619919565700e+00
-1.976212145276729615e+00
3.997569664496575248e-02
5.442636484247131978e-01
7.964841431013127693e-01
-1.377464857378303043e+00
-1.904833460768894815e+00
1.117205514320363857e+00
9.542072191924874103e-01
4.191386269628908923e-01
-1.119770502176743454e+00
1.396331555939588132e+00
-5.091920436051383669e-01
1.357408665422682681e+00
-8.748469828449373376e-01
-1.666546133133159635e-01
-7.360223864929132942e-01
3.894395678741342515e-01
1.004892110186390131e+00
2.613284408003795911e-01
1.413608493077141537e+00
-4.715544743831350250e-01
1.675664846720348100e+00
-1.289667703705733581e+00
2.228748094525976123e-02
5.955892446322063050e-01
-1.906333470863746937e+00
-8.088802975154127939e-01
-1.496673757791589399e+00
-4.688797231819300665e-02
1.778219947032766701e-01
4.076558200907395291e-01
-1.487290989984924927e+00
5.329966666151774168e-01
-2.536318561137920757e-01
-8.546226208163107962e-01
5.941833708720849205e-02
4.335183499581682920e-01
7.583333112432117697e-03
-9.547402157801755385e-01
-1.633674839162610137e+00
-3.313088839950233955e-01
9.537536151651226923e-01
5.702883612518482304e-01
-1.476887483448658944e+00
3.076292305477373867e-01
-1.138935816313855626e-01
2.631249582921348029e+00
-2.832095207446228557e-01
-9.132564594725582907e-01
1.724839994336093418e-01
-1.354947503070997206e+00
-9.063923105477761366e-01
-7.543414100601448791e-01
4.478172691729400134e-01
-1.986394863451076187e+00
1.116617979158608387e-01
-6.124340057118632386e-01
-5.641838131881518441e-03
-6.567213833917612265e-02
1.888517432627652148e+00
-4.712233010467274386e-01
7.233268428189592036e-01
1.190051213930880314e+00
1.752304037435803430e+00
-8.472720412682411828e-01
6.833350906522923929e-02
-2.511971485312644581e-01
1.648362067784186369e+00
-2.854060340625002024e+00
3.270916914294080269e-01
7.683126285502712705e-01
-1.519504061513694548e+00
1.084259000034066389e+00
4.265112870747081453e-01
5.703399592042389665e-01
-2.019168850470594578e-01
-9.520307491819465229e-01
6.651654013470114681e-03
2.280998365258546934e-01
-2.961824105409544550e-01
-2.155136658591422227e-01
1.391993695258440855e+00
1.039924339784189966e+00
-1.987903239911987807e+00
-1.500808021274527393e+00
1.366311211813815651e+00
-8.314682515216025305e-01
-1.810257588016169983e+00
3.316668841678325763e-01
-1.233606975624207229e-02
9.072314124176961148e-01
9.746277063337858149e-01
-1.836975915769847589e-01
1.056294777051680622e+00
-2.361716071534625816e-01
-1.220885715389861126e+00
6.986327847372371114e-01
-8.711051261503739707e-03
-1.385316945518786147e+00
-5.472734500675352498e-01
9.287831947778996122e-01
1.687578054968683849e+00
5.235656734197573492e-01
4.041814028460111174e-01
-4.777805826442605430e-01
-1.382800741833814628e+00
-9.436702492999724523e-01
-2.216028662634811908e-01
-3.918953474480000310e-01
-5.883989223110509537e-01
-7.939596716029634349e-01
4.497993123954577843e-01
2.630306202462955323e-01
3.478648515875427116e-01
-1.051623651537989534e+00
-1.434979525072689610e-01
-4.599912025468544940e-01
-1.379941440124224261e+00
-1.581075483964955062e-03
-1.062449418857568162e+00
4.635810102549022815e-01
4.443501350777951386e-01
-1.019794322154778499e+00
3.557875065609904519e-01
-8.201709160715447977e-01
-3.689633454691843562e-01
3.370385067160388548e-01
9.334364416636024842e-02
-1.476946816513855731e+00
7.948518108367017554e-01
-8.671310474842055527e-01
-6.196605861331572207e-01
-2.386878902650491963e+00
5.494156632053642103e-02
1.686064211619655140e+00
-5.308174928991346575e-02
5.686221071671710980e-01
-4.443825526851141738e-01
-6.842444989847399350e-01
2.044687316375440045e-01
9.906239900903686113e-01
1.065168135727727394e+00
7.064414201487378975e-01
-1.360713053783461635e-01
-7.025346686672078178e-01
5.152089595490980667e-01
-1.227871393216487528e+00
2.516887725224498107e-01
-1.636434250398372203e+00
-7.576178971933006379e-01
6.064665178820164426e-01
6.403656053640152113e-01
-9.219178471854895252e-01
6.786364412984935424e-02
1.434088804286375529e+00
-1.300589241340114111e+00
1.258769964331776271e-02
-4.653860754929111110e-01
1.092630052273288133e+00
-1.179250635053811669e+00
-2.503279615135704100e-02
-7.657442061814313528e-01
-1.815136649120295542e-01
1.060819634997008487e+00
1.101662012191125806e+00
-4.123484975377160744e-01
-1.470704056948040739e+00
1.164893945870359104e+00
7.353534848320119055e-01
-2.155692083267981118e+00
7.943272104637321140e-01
3.905295450927247503e-01
8.320387721811158821e-01
1.276281710567886973e+00
8.421156502430771074e-01
-1.345258678866356306e+00
-1.230776461528106519e-01
2.468443214080712211e-01
1.497044543126928362e+00
6.615654021027365106e-01
3.028539757741187000e+00
-8.564260359839744874e-01
3.971171971259410821e-02
-6.252517275800388852e-01
-2.458653338536767943e-03
1.625261674425788894e-01
-5.098778075081185079e-01
3.723984594744921828e-01
-5.739652202009438708e-01
-1.239685174896809849e+00
-3.236274971095864372e-01
-7.915051249358575625e-01
8.487050132766013055e-01
-8.291394566079940409e-01
9.027045860876796723e-01
4.014745462839306445e-01
-1.290072240282207350e+00
-1.161835439634098188e+00
-8.781550376862891083e-01
5.102846688180260326e-01
2.627893926953138171e-01
2.314196453736542924e+00
-1.487251056460672924e-03
1.655495605678876103e+00
-3.030279110317373736e-01
4.485491768165608684e-01
1.019545570658028977e+00
1.894153415622349401e-01
1.250444448797079611e+00
5.857582681641844147e-01
5.418248570234416306e-01
4.793962979853018669e-01
4.266373905700135971e-01
-7.845867786602203076e-01
1.852691524044282056e+00
1.579710216655238364e+00
6.204904203762668935e-01
3.544399502970855265e-01
-2.446747666762046081e-01
2.225583910649530761e+00
7.956975903739711420e-01
-1.179845830344816715e+00
2.748789231033120228e-01
8.746290463701412721e-01
-5.104080769704399945e-01
1.393610016069718183e-01
7.568728998431271116e-01
-2.167447713406456811e-01
5.664852202679996340e-01
5.378732426049422921e-01
-1.761835249902066414e+00
7.994172292901460253e-01
-5.160624512658361640e-01
-2.185201628396113982e+00
5.959569669629842803e-01
-2.438332226960359395e-01
1.078704502667984233e+00
1.135119135252587341e+00
-7.877410518127221373e-01
-8.121208374613517744e-01
9.748696554554944216e-01
-2.256653619766525731e-01
2.191243396216687594e-02
8.239691505318825770e-01
-1.107550382560471780e+00
-4.038122625048719272e-02
-5.296598923666154812e-01
8.817804281202092920e-01
-2.978983093758990730e+00
5.016294998469433830e-01
-1.339232404728151193e+00
-6.303200415737458817e-01
-2.277426838473312898e-01
6.109479403929716224e-01
-6.069301299447416032e-02
1.168630642221362592e+00
-9.037639098495467982e-01
1.434943531102061964e-01
1.458771620416966508e+00
-1.083502334330656014e+00
1.139490151343060642e+00
2.607716629022425181e-01
-6.636335394958160494e-01
1.315177627503986146e+00
-1.413834978227202832e+00
-1.985209278089383300e+00
-7.923550531687589826e-01
-2.633445495449774909e-01
-8.032529574038249631e-01
-1.195835225510239130e+00
-6.892007939396040950e-01
9.516735900148385330e-01
9.809265470331891834e-02
-1.900297666546505171e-01
1.174578714576618665e+00
1.385938569602430004e+00
-7.384426262911912842e-01
4.661452921768982627e-01
-1.399679791072018675e+00
2.176843284389376798e+00
4.493997107746456887e-01
2.848509268293287766e-01
1.102388745241331236e+00
-6.303077684888728216e-01
-1.500346728199287272e+00
-7.279152489731343101e-01
-1.189373303376122015e+00
1.249570703382907322e+00
-3.878874998486478431e-01
-6.955837753756147768e-01
-4.690780597138774488e-01
1.518416646599441755e+00
1.193998386058146899e+00
-2.583590991022275407e-01
-2.194918007978499397e-01
-3.676711193176889769e-01
-7.875763959414866511e-01
-6.188366808042864431e-01
1.947622303520314679e-01
5.666394885307662888e-02
2.902780991381972986e-01
2.840088152207865257e-01
-9.064680842268677541e-01
-3.075265154523651456e-01
-3.714671193793593895e-01
4.438845253515618650e-01
-1.713059277500134314e+00
1.735073709734038960e+00
-2.772911703392117455e-01
-1.155825787244848968e+00
1.118369834303411192e+00
-7.594282796020419557e-01
-3.348144479885051816e-01
1.304645415277301490e+00
5.798885826917460351e-01
-2.822001331842169947e-01
-7.474373950023355251e-01
-5.023686127459278117e-01
-1.486510204371450206e+00
-5.261929966353104948e-01
-7.820827613209385687e-01
1.112316103910781839e+00
1.065092450176254202e+00
6.947465276350426322e-01
1.083147000461378795e+00
-1.943403537358206590e+00
-7.321117527910277201e-02
-3.063170280319056360e-01
4.229945116839044505e-01
-2.262560993936055254e-01
1.366349796081821388e+00
1.999468251131508723e-01
4.982503746055176874e-01
1.293380523098110357e+00
1.100173453805849855e+00
-2.182861507880799468e-01
-1.174304751501451749e+00
9.304806872591895317e-01
-1.917659600811785880e+00
-2.784410801504171862e-01
6.230926504455255310e-01
3.570177850956944288e-01
7.621548455028084312e-01
-8.007352169208408199e-01
7.843134194455393671e-02
3.969471982496387136e-02
1.417094228621716967e+00
-5.898260594369313381e-01
3.200704357065846661e-01
-2.642208928011753333e-01
5.845425610501050473e-01
1.650282870597971518e+00
-8.562967481688014970e-02
1.594239998561359020e-02
-1.552103088189725089e+00
-5.465761956936340121e-02
8.915023607495839997e-01
9.621843889660585125e-01
-8.817897758022182897e-01
-9.561802780031273263e-01
5.478512966303776544e-02
-3.897993507251079071e-01
-1.215987240941015957e+00
-4.654828978465895828e-01
3.446237321992746128e-01
-2.520707964956445113e-01
-7.421561382671801876e-01
-1.236563718979696747e+00
-1.589369609909683900e+00
4.025926087036124090e-01
1.345356639124104969e+00
-1.306375935465005300e+00
-1.311118817341530240e+00
-5.762937341697440541e-01
-8.053763086604553978e-01
1.857475371391645591e-01
-1.212867213465212091e+00
4.024590141037256430e-01
-1.136390896839355458e-01
9.181996694146692395e-01
-3.005602810031612893e-01
5.689563009464152499e-01
1.262025304815943549e+00
-5.790101740313629008e-01
-3.748751254569891445e-01
-6.374910735849718124e-01
-1.493623627099009699e-01
1.104868588398656648e+00
4.842579627570205991e-01
-9.432943200071748358e-01
8.629556882913907989e-01
7.987258106140325831e-01
1.716168265199591536e+00
-1.170207074722578122e+00
-6.034808900405471688e-01
-1.850866635803423144e-01
6.697057367758479929e-01
-1.201418717752990695e+00
-1.821566701305115110e+00
1.666926715823059624e+00
9.335304939933241064e-01
5.509507610529977839e-01
6.336650619487939062e-01
-7.674587641462965459e-01
-1.982295105734644958e+00
1.205991540568661868e+00
2.078451202575090306e+00
3.111011950582440871e-02
-2.898408804631188440e-01
6.425005958703041697e-01
4.878937276209494023e-02
3.989192544621384950e-01
-9.988431897365540602e-01
-1.812553117249906809e-01
-1.059902347529519395e-01
6.888751662664285291e-01
6.628298000548942248e-01
1.663676484697728997e+00
-7.562164647132825317e-03
1.243427372554298138e+00
-1.264365064520912019e-01
-4.024324498747851031e-01
-1.441118038723607997e+00
6.859349046437629438e-02
-2.374899996600369878e+00
-6.333848656186003012e-01
1.846172895830728022e-01
-1.826148370949285837e+00
-6.148592332238739244e-01
2.879350637695814008e+00
1.891940265468369686e+00
1.316645600342779110e+00
-3.269577666531210958e-01
7.654692816328615423e-01
1.704187119248611604e-01
5.832625391319317121e-01
-9.496065989739159718e-01
6.744805717548837398e-01
-2.203600711645163912e-01
5.972464084690612962e-01
-2.989273265755197362e-01
9.411071179695522648e-01
5.324128879702529765e-02
-2.902595851749386058e-01
-5.171308380033958763e-01
-1.165581702634365335e+00
-2.341491212492058605e+00
1.934095038013892154e-01
-8.096245245330204732e-01
6.338671736443153293e-01
-1.195088926985387268e+00
2.045717307486233150e+00
-4.095608713485368590e-01
-3.267926709982925670e-01
1.782907693709126218e-01
-4.015000624331533929e-01
-6.545581229422882119e-01
7.311100493339461881e-01
-1.584337034033041824e+00
-7.578886876911555825e-02
6.302927916800995511e-01
1.281342545988952697e+00
-1.325169594466776068e+00
-4.483621652986516937e-01
-4.294237232616742173e-01
5.654934408592698913e-01
1.544337486608013288e+00
5.217522165861070427e-01
-1.754100477125967450e-01
5.349439779452898058e-01
-1.160272645009796655e-01
4.036623934674319347e-01
-7.519924197361498308e-01
-3.545453726956109275e-01
1.288038580905101593e+00
1.888999781144389933e+00
-3.485437054836988402e-01
1.501480662469286909e+00
-1.405042733844537040e-01
5.004764885581861611e-01
-4.869362281160109496e-01
9.289328502440935553e-01
-1.475360546527658467e+00
-1.458093750981058090e+00
1.756870604784438183e-01
3.481420449156641950e-01
1.591854335214733629e+00
1.768626388473477862e+00
9.557732410251894573e-01
-2.745174859335018924e-01
-1.131098739641024642e-01
-1.467263519496376567e+00
5.413391772777057520e-01
-1.648750930104643242e-01
-3.449615017190683919e-02
1.006512895192190893e+00
-1.907161759376550414e+00
-9.641410570329277119e-02
4.541669245415352330e-01
9.738265833306528618e-01
-3.463040635507553255e-01
-1.820385770600536857e+00
-9.856724940488479358e-01
-1.206834682390741431e+00
8.461120996569023722e-01
1.365070670783881557e+00
-1.286478528397655197e+00
-2.521952507160663548e-01
8.749442373398635953e-01
2.033240765220173385e-01
3.888531443960043243e-01
8.239375818325616052e-01
-1.074591131755903151e+00
9.647095164765698283e-02
-1.149812044044638659e+00
9.601566864516707378e-01
-1.524028900577949930e+00
1.002720290878557075e+00
1.145271033368521651e+00
6.744290213366942455e-01
1.658849746230579847e-01
1.214886748390133331e+00
1.228344573708501697e+00
3.921045979085605815e+00
3.334621786647454234e-01
-2.109196304051760007e-01
1.753280639172325461e-01
-3.282396485207540460e-01
6.175407184273479233e-01
1.857538601015317759e-01
-1.774866216316020484e+00
-8.391825214843599001e-01
-7.650866291608404701e-01
-1.503436459886392740e+00
1.256477071135309487e+00
-1.870979693770403185e-01
-3.279420207793650177e-01
1.317053452204020259e+00
-7.385641494642054550e-01
5.922935742430414374e-02
2.841047899013534606e-01
6.399289423605389882e-01
-6.265865551032480107e-01
1.741623449807704616e-01
-6.928069215178732643e-01
4.521731541981707791e-01
-2.073614701044288744e-01
-1.198188194892552572e+00
-1.204181165480775251e+00
-2.311848723492085644e-01
-1.040717627926928124e+00
-4.534446535906495046e-01
8.035482610438781093e-01
4.613542829557725211e-01
4.544722057311793018e-01
1.420093807177621015e+00
-3.317095279527638718e-01
3.623597978943541298e-01
7.777212688579322464e-01
1.450300807509004475e+00
-3.976816497833428610e-01
3.233678634744146380e-02
-5.428398742621165507e-01
-1.806878275554672841e+00
-1.468217205438331063e-01
1.994897096780668677e-01
-3.671225978536376416e-02
4.807107485972978433e-01
-8.053866835477828667e-01
-1.587620193716140049e+00
-5.128154212592879457e-02
6.123115731654255045e-01
-1.300564678196445279e-01
3.485698075776605953e-01
-7.238550830212612253e-01
-1.456738193936933934e+00
8.695043338404061517e-01
-7.659890485743302557e-01
1.021948692102662593e+00
-6.695183939766308212e-01
-1.461938939536650273e-01
7.105775833033369793e-01
-2.288695859970340252e-01
2.302338296943685914e-01
2.009351200652321090e+00
3.663549013025898388e-02
-7.628620842223206022e-01
-1.781428187600215374e+00
-3.525699658925851021e-01
-1.648523427108496420e-01
-1.309714567904601168e+00
-4.340823106307245549e-01
-1.777441333025580494e+00
1.495038552312876468e-01
-5.915704673953912085e-01
-2.627295232565095562e-01
7.457983364511007185e-01
6.122447152463408176e-02
-1.853841423480599548e+00
1.916503521965465806e+00
1.894711343505091072e+00
1.392460045527448287e+00
1.837700817222156724e+00
-7.064876850481909276e-01
1.249583441854010546e-01
1.781525739023003541e-01
9.964732391530966016e-01
-6.042290682148369202e-02
-1.126483512321415192e+00
5.726483439751524074e-01
1.349036967101937101e+00
-1.366554204619855051e-01
8.503231839036472506e-01
-1.295408469029971865e+00
1.298926876275729725e-01
-1.270129337895936850e+00
9.213589170306560883e-01
7.618869916554947830e-01
-1.048033447642665594e+00
4.783040894660401388e-01
1.592931225398078299e+00
-1.278371399473467340e+00
-1.388532595430702399e+00
5.098276265876191538e-01
-1.360415177023654998e+00
4.340645691836896525e+00
-1.441407731683239657e+00
3.117184321210627607e-01
-2.968545652647598329e-02
2.072638263202983555e-01
1.738175352272187224e+00
-1.168379331499588503e+00
-5.482830712502411163e-01
-3.784045740807049918e-01
-1.504166799251117181e+00
-2.398798002111434791e+00
-4.350295813730724048e-01
-4.507852491965929492e-02
9.914703554514632255e-01
-3.132342114385925844e-03
-1.102289849820672130e+00
-1.820549932775673785e+00
-1.863490154309138669e-01
3.794372271642740824e-01
-9.075127955269381985e-01
-1.366948536135341730e+00
1.667210921789807010e+00
-1.885478305679601618e+00
3.296392013311493785e-01
-9.303141824287060047e-01
-2.966065379977468330e-01
-5.603810955274642902e-01
-1.351564576757440683e+00
-8.457054910605029674e-01
6.780902964582020687e-01
-1.381119727764985594e+00
8.117449026263184875e-01
-8.034236966419787684e-01
9.672824384313627455e-01
2.669888193632204421e-01
-2.383521813274936396e-01
1.023935313443410378e+00
-3.943324103757715055e-02
-2.885496904151052533e+00
-3.408486528874068999e-01
-1.157578368936894586e+00
7.912908495666254316e-01
-1.285925832922049095e+00
-1.147872977814333728e+00
7.180608638856252057e-02
-3.898322357737225574e-01
-1.103807775825270232e+00
-8.419012770377721777e-01
-2.943273761141558253e-01
-1.393167950920228271e-01
6.532967467243587789e-01
6.090547485592172350e-02
-1.092763246163018370e-01
-3.869975237143958302e-01
6.240292257985686764e-01
1.058621702155577493e+00
1.541158904921920092e+00
9.292140062236073916e-01
2.176576665359341689e+00
-1.206964744064921158e+00
4.144799798003648839e-01
1.415885212041928076e+00
-1.275559935451156868e+00
-5.879204196718902375e-01
-6.668744749479388334e-01
-6.903636860914011963e-01
-8.629668774141361354e-01
9.394892741049092333e-01
5.112165387002036709e-01
4.244009588276669714e-02
1.032736884120365906e+00
2.998216906176042196e-01
-5.838558910617256403e-01
1.597369052301796932e+00
5.960599367500114543e-01
-1.510226842345197440e+00
1.048492264384975892e+00
-1.351278855218964736e+00
1.918170710097436560e-01
1.573292439203414703e-02
-5.527107838893398073e-01
-2.506880685611282203e-02
-2.265343315051156825e+00
-2.358568404488864748e-02
-1.975485271737605075e-01
-3.855980353328374854e-01
5.686019536262614249e-01
-4.124537240637398683e-01
-1.134074724652096133e+00
-9.457196584665832351e-01
-6.005493459878784579e-01
-5.172079156233118091e-01
2.467274767861677542e+00
5.616766522259782901e-01
-1.231471291436788906e+00
1.441815743474634537e-01
1.013223523037958956e-01
-8.242849649223865649e-01
4.720597318324577518e-01
5.794784159836577908e-01
-4.904653312344148808e-01
-7.083454111391610519e-01
-4.532556941005173590e-01
2.895895564293043400e-01
-2.694557506319263940e-01
-1.063881809457390526e+00
-4.808052608270220740e-01
-1.474971663260140897e-01
4.858796884893779588e-01
2.131828608987076379e+00
1.557818016690901697e+00
6.610302063068592693e-01
2.778895407968534625e-01
-1.127794653262609720e-01
1.378803507210376589e+00
-1.819995771950565722e+00
-8.658044396147740462e-01
3.719293249001053847e-01
-5.781943204999285824e-01
-9.263947078327492424e-01
1.104077915609569249e-01
-1.202599756778718193e-01
1.308147471884879343e+00
-3.764093117199260319e-01
7.090364738594879812e-01
1.641747983839107583e+00
-1.862340937778740990e+00
1.781853962699280203e-01
1.139316032607384441e-02
-2.092474030999683099e-01
-2.101397676684906735e+00
-1.372716530602064167e-01
-2.044575710018015524e+00
3.291787627934233962e-01
5.462327792214475286e-01
-5.501273885851167833e-01
-3.278816740905470817e-01
1.917103513973457407e-01
1.567476776145782236e-01
-1.723835990672423213e+00
1.324515809051336701e+00
1.114314211484729977e+00
8.093319076823811686e-01
1.438077670610963810e-01
-7.017422316222268197e-01
-1.167673815648399893e+00
-7.927967682942520522e-01
4.585594357156653755e-01
-8.299188402945957277e-01
-8.019138147224255109e-01
1.468538100123927548e-01
-2.325700377485167891e+00
-4.134517652687261235e-01
-1.284432710981877390e+00
2.161104243787723700e+00
5.169207615414647128e-01
-1.533900507683906511e+00
4.817253791396922113e-01
3.520148614592117919e-01
8.680831163944555673e-01
7.312230033829562881e-02
4.537417558467055079e-01
8.391010456900699355e-02
8.405015020059892761e-01
-1.720721396739798070e+00
-1.836699395546848912e+00
-1.713733487038751946e+00
5.539723406522792382e-02
-7.481301632857469130e-02
2.124599177618611723e+00
6.796192701138880077e-01
8.752761536183745195e-01
-4.971735105474722194e-01
-1.154880834738200246e+00
-1.233260992659943822e+00
4.126020423595330722e-01
9.492290782506345170e-01
-8.655190946914262939e-01
5.722275698691446921e-01
-6.994668909949915137e-02
-8.608752819834329939e-01
4.618781201547364490e-01
1.869178492404025116e+00
1.769192698350457116e+00
6.106621942337495668e-01
1.438032894314265342e-01
-1.144130514348618677e+00
-1.434700598374198499e+00
2.396584007784643977e-01
5.883099141828835865e-01
-4.321007162604180163e-01
-4.974572907252896026e-01
-8.307774263529342784e-01
-7.667114224309304893e-01
-3.797888657456623962e-01
4.152497054667538268e-01
9.957501432104063355e-01
2.007113495212415333e-01
9.659121416136307037e-01
-1.552073742167368320e-01
9.867370140534463818e-01
5.096044690064061022e-01
-2.966344433811225034e+00
6.653084529476513964e-01
1.712055272907598624e+00
-2.609152944688152009e-02
-1.201558317310014612e+00
-1.669707973760429010e+00
-1.064497343692397680e+00
-2.849442005574108205e-01
3.926942464293761703e-01
2.385824267450236125e-01
-5.823205104628370599e-01
2.440734639664142058e+00
5.505385481091953359e-01
1.731467304816600994e-01
1.337754426103666405e-01
4.958825276358691525e-01
-4.103024993618539229e-01
-1.354320826981914916e+00
-1.198665408073453342e+00
1.405503725169015672e+00
-1.152633973573385484e+00
1.209295338969529121e+00
-1.621162514477174910e-01
-6.177717487892965265e-01
1.284961491441393600e+00
-2.473811418279704188e+00
2.129481579929617840e+00
-4.879656772492448336e-01
2.230329803107169995e-01
1.884628840257557059e+00
9.412436184178437637e-01
-2.929861701670733343e+00
-2.012635994492942615e+00
8.358216255287324037e-01
-1.293956567493467436e+00
-5.236303700792627192e-01
6.171327946935325492e-01
3.733935546571225950e-01
-4.434037771830652841e-01
5.467854900890668501e-01
1.474555934390245016e+00
1.654155736185023984e-01
2.698581041302549610e-01
-5.126838136454281436e-01
-6.785881989714062090e-01
-1.672310191052511471e-03
-5.553977620392811509e-01
9.776738592837007635e-01
-1.044926429379392951e+00
1.042642666426221609e+00
4.461452635132139855e-01
-4.331370211498439815e-01
3.802148782904735125e-01
4.336063956747171488e-01
-1.547023861589939653e+00
2.572194344414068246e-01
3.389325747165011227e-01
4.153467388115621994e-01
-9.407899100651736513e-01
4.418327736919236415e-02
1.179630284518652816e+00
-3.420292246150964388e-01
-6.579729278056302144e-01
9.807259636316035811e-01
-1.158628840180147224e+00
2.177374953159784132e-01
3.725954409938364020e-01
5.544550280445416091e-01
6.786887021055614255e-01
-1.211030242866167006e+00
4.193928599401046675e-01
-3.284519320086579652e-01
8.468220972374156386e-01
4.802004179497437741e-01
1.382320062307409225e+00
-1.079157921045352575e+00
-4.617593968220063960e-01
2.028828823252926405e-01
9.021432188193222457e-01
-4.182685198969564033e-01
-2.055612536274458169e+00
9.854815067655066096e-01
-1.402323151263509555e-03
4.769376872269741052e-01
9.024833359177398817e-01
5.448119105940272267e-01
-6.567038348887372923e-01
-4.721372114284141941e-01
-3.364573728979158296e-01
1.348115514063967346e+00
1.299279668600383131e+00
3.754339387543715323e-01
4.011404294231447065e-01
1.545927695056958096e-01
-1.197498677507090381e+00
5.337984329579860132e-01
9.935193956507623048e-01
8.779703124439115491e-01
6.398698827014445145e-01
-1.610721484832495110e+00
6.592817218038737881e-01
-9.983110654421387675e-01
